.Random.seed <-
c(403L, 10L, 1203479494L, -881020848L, 1301593203L, 694816913L, 
2031808704L, 1350990494L, 1282889321L, 1560061595L, -327922774L, 
626061260L, 733373071L, 1092520645L, 496050812L, 279178962L, 
1330457165L, -1730861305L, 928000750L, 1071103944L, -1524252469L, 
-4267735L, 1202977144L, -168374618L, 715847873L, -529297069L, 
-1746977278L, -1512380620L, -587643721L, -653085523L, -145763900L, 
-1121963542L, -899862955L, -1353097233L, 130191350L, -394082016L, 
442148579L, -1199931519L, -1647588880L, -1224574834L, -12206087L, 
-816130677L, -1924664902L, -1339313988L, -860761089L, 791454037L, 
-935175572L, -88133950L, -1269966563L, -1258221673L, 796707582L, 
-558419784L, -1188947301L, -1556711175L, -1214600632L, -259984010L, 
632341681L, -26793757L, 650848178L, -115222524L, -56595641L, 
-1730190819L, 1128052884L, 1048254522L, -74163579L, -1315206305L, 
765658086L, -581120400L, 1020551571L, -606681551L, 202874080L, 
-79630978L, 1857880073L, 1835143227L, 1905352202L, -1363448340L, 
1984422511L, 1308634533L, -1888490148L, -1506520782L, 514994221L, 
-194097433L, 1672094734L, -600912408L, 41048043L, 1318930569L, 
-458896360L, -593433786L, 464894369L, -1296086989L, -1471674974L, 
-1035042668L, -1837406441L, -1702702835L, 2130049060L, -2040571894L, 
1852837237L, 209042639L, -1506709546L, -1836765312L, 699794371L, 
-1313774239L, -1872143408L, 286071598L, 1876346585L, 1062622443L, 
167122266L, 889489180L, 421814815L, -1323318667L, 882118412L, 
2137023202L, 735082429L, -1775513545L, 501177054L, 320955928L, 
-1410119301L, 1649934617L, 572140968L, 659476822L, 1219621329L, 
1652601219L, -1359245294L, -114949212L, 490599271L, 572557501L, 
702525492L, 1520452506L, 613273573L, 720657279L, 604441350L, 
-2032474992L, 1524954419L, 1999917777L, -1669212032L, -459439778L, 
-31361367L, 2037129563L, 243379050L, -1315814900L, 1671758415L, 
1349840645L, -666146884L, 1754350226L, -987338355L, -1887809081L, 
-35392850L, -62629112L, -1761654517L, -139569175L, -1305612104L, 
1233729382L, -213887999L, -1826594157L, -1232616126L, 223808244L, 
-338020617L, 1262917357L, 607510916L, -130256982L, -2137443051L, 
-440352849L, -411332682L, 621442528L, 295046435L, 637985345L, 
-1667707600L, -1125857458L, -1366651463L, 623407051L, 214541434L, 
416363900L, -998437441L, -1868698987L, 1682086060L, -899063166L, 
708684381L, 549297495L, -329801666L, -1151945608L, -24879269L, 
1367845561L, -1777162488L, 2071420342L, 569574129L, -124730077L, 
1653317490L, -996921916L, -1596050041L, -1747093667L, 943659348L, 
-1061348486L, 90004165L, 959695903L, -1676911706L, -1985487568L, 
2095341523L, 131157489L, 2142141216L, 1321137598L, 433425865L, 
1892438395L, 711202634L, -91256916L, -1976693073L, -735015835L, 
-1347765220L, -671346062L, 1434838253L, 1199242535L, -249157298L, 
1921878440L, -1814524501L, 1847232201L, 508288728L, -910326906L, 
-1092495775L, -780857357L, -1914559902L, 1574393044L, -91556393L, 
-1967046707L, -205898908L, 270393162L, -182892875L, -2119508465L, 
-243953898L, -2012292672L, 1629858179L, -1827579136L, -70633540L, 
-1704861872L, 275317538L, -1019503288L, 916277772L, -2135906212L, 
269630674L, 1716304384L, 926682452L, -1711932952L, 1765567482L, 
-1912340272L, 1135758636L, -1741184268L, -1905264238L, -1579264928L, 
711550220L, 160977632L, -1468462750L, -997156184L, -198606260L, 
-1879035524L, -489413326L, 1443025008L, -1299986620L, 1552244184L, 
-1582764934L, 1389653552L, -1248597316L, 1725275988L, -165604286L, 
-1844224608L, -1642288452L, -388843056L, -158196382L, 1530712040L, 
-438925364L, 1116065532L, -1490091534L, 584124544L, -1605573388L, 
1677149832L, 889886522L, 1183241040L, -572438932L, 400408724L, 
-1557237422L, -632684832L, -1888120116L, 1571115168L, -170361982L, 
1490227944L, -125750548L, -191767492L, -245542286L, -614656912L, 
-1684724188L, 1549780024L, -809461734L, -2074043696L, 1505612860L, 
470762644L, -76907390L, -1315108928L, -173680324L, -1456582000L, 
-384529374L, -1737202680L, -2104768372L, -919004132L, 1163212434L, 
-1890556800L, -872091628L, -2095037144L, 515968570L, 191939792L, 
-29961108L, -409857356L, -698386414L, -1567954976L, -2059300916L, 
-1645400608L, 154402338L, 1098156328L, -581537524L, -266058180L, 
-273542926L, 2024958704L, -299224252L, 384195160L, -872291782L, 
-1004697872L, -170373956L, -996774380L, 113967298L, 963633248L, 
-1590194820L, -1410204464L, -2064798686L, 866745000L, 44351372L, 
-1240892996L, 1491649586L, -1053776064L, 1340422324L, -586755256L, 
-1893700934L, -792260848L, 71932140L, -1903872940L, -639117550L, 
-852200544L, 1083301836L, 1160997728L, 1334706370L, -281016792L, 
1948718508L, -1105973444L, 137166706L, 220025648L, -101563868L, 
-151080904L, 1578142938L, -1748713072L, 1468069628L, -1672999020L, 
1511965506L, -1864648192L, -1100094916L, -1082173872L, 985117346L, 
1627061064L, -880674292L, 4861148L, 838087250L, -95508352L, -240387244L, 
-1353231896L, 1788422906L, 1211586384L, 1435599916L, 911873396L, 
-177095022L, 585218656L, -1590209908L, 971615072L, -2071874846L, 
2049161384L, 2140041420L, 7004668L, -1350352974L, 1478637040L, 
1865985476L, 348444504L, 2016738170L, -755745360L, -746339908L, 
1811546196L, -29281342L, 423150368L, 1794652092L, -1675136432L, 
2114285026L, 1029189992L, -869569204L, 1013776636L, 1466417906L, 
-1760325888L, 149077620L, 2133327880L, -1786080838L, -42717232L, 
-1780774420L, -1868822636L, 1631679186L, 1785044576L, -218856116L, 
52028704L, 907004546L, 977869288L, 34373612L, -1840732612L, -1511111054L, 
-171414672L, -852047580L, 405152312L, -632612454L, -756385328L, 
-600644164L, -1303316332L, 398218370L, 694076864L, -1896379588L, 
-1605145456L, 276208418L, -1467714040L, 1574028556L, -420989540L, 
1656557074L, -714728576L, -994790636L, 417870120L, -717732806L, 
943082448L, -326075796L, -1279544780L, 1238497938L, 505464160L, 
1403500876L, 1861781472L, 1857156514L, -154028632L, -1966287220L, 
2146827708L, -860041614L, 1309545456L, 2031005252L, 1834266712L, 
-1960232902L, 1033789552L, 312506428L, 382198036L, -1786092862L, 
1827120864L, -1431070596L, -678611248L, -1506939645L, 236740612L, 
-1111044046L, -2104428409L, -1615678255L, -719720874L, -1827922380L, 
-1865165499L, 1598101391L, -1587051768L, -1481849562L, -1032913453L, 
-2094647499L, -476537198L, -88036768L, 78785481L, -1145353477L, 
-1757170484L, 1175293274L, 1181425743L, -796816103L, 1790297902L, 
-2004821700L, 1754902189L, 2075257175L, 1689760L, 200406526L, 
1706739915L, 1855231693L, 691167738L, 2062588472L, 528381921L, 
-1382190957L, 1296880308L, -51249214L, 1601874903L, 1361036321L, 
1303155686L, 312598244L, 1877846549L, 1067655743L, 840088024L, 
1330786294L, -62064637L, 921195333L, 1643861858L, 1412004048L, 
716293113L, -1396138197L, 253803676L, 1915851466L, 1186585535L, 
70489865L, 1844518942L, -879595060L, 2078448541L, -1894181337L, 
1920392272L, 901694702L, 1640407451L, -660809731L, -745049366L, 
2138891656L, 25207601L, -1695204445L, 1698761636L, -56523182L, 
1453393319L, -1027644943L, 307828022L, -1578869292L, -351186075L, 
-1949148305L, 1819743656L, -480466170L, -845631949L, 988488853L, 
591756530L, -2002965184L, 2050904745L, -1639523557L, 401190124L, 
-688598790L, -487018193L, 464553273L, 737494862L, -655749732L, 
68357901L, 1716783479L, 573574528L, 164162526L, 501523627L, -1237106771L, 
846320666L, -637306152L, -67128511L, 1794704371L, 1154125332L, 
-714520670L, 10614967L, 665084545L, -881630586L, -1084411196L, 
-1976699915L, -1413920161L, -395182920L, -1760749162L, 2041865123L, 
-546220187L, -222892414L, -877155344L, 1537625497L, -1239039093L, 
-1159844228L, 1524819114L, -127805729L, -653808535L, -395966850L, 
-497488276L, -1045196099L, 301666183L, 320764784L, -2072573426L, 
-1209211077L, -374277091L, -381012790L, -1254264856L, -898171695L, 
-1472358205L, 1169551300L, -2003391374L, -2121530041L, 1636808977L, 
1930751126L, 1388249588L, -432753787L, -878994737L, 1161103304L, 
-1070944666L, -553893741L, 134135797L, -1027761710L, 1796260384L, 
1967701001L, 133955899L, 1318208652L, 948883738L, 1174816655L, 
